# orbit
3125.743336519926
0.2777098542464805
0.0029847031291299606

# wave_bounds
6.15220335348489e-05
6.15220335348489e-05
5.7326309476377684e-05
4.368611356242951e-05
3.516649375446229e-05
3.4040005898227164e-05
3.618792280989162e-05
3.996968831185846e-05
0.00011283338689712868
0.0002519117602146306
0.00046639716896372204
0.0007608678087919747
0.001107841156864968
0.0014297276389025335
0.0016113640911976869
0.001599886253220455
0.0014673276375268083
0.0012650087572225021
0.0010480651683383926
0.0008692011167727611
0.0007524904251858753
0.000687760837394255
0.000665094690235107
0.0006582734566702802
0.0006660158030392822
0.0006672558659563732
0.0006813948915153409
0.0007124467938006857
0.0007818471056738464
0.0009063210183155039
0.0010993338799937002
0.0013461549639709068
0.0015733808200638724
0.0017354809971511943
0.001766512679575815
0.0016610911320751463
0.001453227321631932
0.001171430571687624
0.0008714258923837572
0.0006096904180233411
0.0004023512836300548
0.00024341813704353298
0.00012467733862721003
4.482067806415191e-05
3.337147073696002e-05
3.2603544854699165e-05
3.3835939787540354e-05
4.039682957010487e-05
5.2076028940357795e-05
5.570326432395845e-05
5.357740482361641e-05
4.798616241694608e-05
3.880587097045419e-05
2.664431223630272e-05
2.2151376861222843e-05
2.2117831674647785e-05
2.3801404170365837e-05
3.502523976448664e-05
9.534386107938359e-05
0.00019400442958894233
0.0003379043354492397
0.0005250920415612033
0.0007303283720058901
0.000897524514210412
0.0009657744617806186
0.0009577886543860709
0.0008754198182341252
0.0007516169123869171
0.0006196432261583164
0.0005121712940239316
0.0004432418400903877
0.0004057750136988233
0.00039354097900819694
0.00044441160310362414
0.0005040519029524932
0.00048038052671598054
0.0004030681012464543
0.00042043272114573947
0.0004607862970442369
0.000534331022993042
0.0006501729449203343
0.000800088974908727
0.000938828716610783
0.001039417430029015
0.0010591148752167679
0.0009952151140322904
0.0008685094550098237
0.0007120864840885019
0.0005477248152022287
0.00039623407782802297
0.00027189253609679877
0.00017272460023155497
9.393019600228633e-05
3.620716781505089e-05
2.2949260667518813e-05
2.41360656108161e-05
2.997268621698771e-05
4.386595266394433e-05
5.7611749604814454e-05
5.7611749604814454e-05

# kinetics_grav
1.500000000000001
0.7113312695312447
7.046445265035563
8.715435883847084
6.73994404340381
8.739867863777864
0.7113312695312447
4.101462997137281
8.75613045955356
7.784755341856698
8.228491009726701
8.917500000000002
8.228491009726698
7.784755341856738
8.756130459553567
4.101462997137281
0.7113312695312447
8.739867863777821
6.739944043404283
8.715435883847077
7.875118641860767

# kinetics
3.112048902545548
-7.264900408972271
2.2649004089722684

# nbody
1774.788168992791
0.2823189623717452
0.2823189623717452
0.4353620752565097

# hllesod
4.354265587403945
1.0
1.0
1.0
1.0
1.0
1.0
1.0
1.0
1.0
1.0
1.0
1.0
1.0
1.0
1.0
0.9999999999999999
0.9999999999999986
0.9999999999999915
0.9999999999999521
0.9999999999997417
0.9999999999986557
0.9999999999932516
0.9999999999673381
0.9999999998477829
0.9999999993178055
0.9999999970638774
0.9999999878825216
0.9999999521236483
0.9999998192241413
0.9999993489054292
0.9999977678106726
0.9999927319697303
0.9999775805713395
0.9999346597448499
0.9998206011596954
0.999537397634333
0.99888312024825
0.997482416665787
0.9947132531092324
0.9896685560080754
0.9812010022450702
0.9680735146788102
0.9491800332611441
0.9237528171895902
0.891473936280815
0.8524389849691981
0.8068877812147341
0.7543959455908614
0.6919621848513359
0.612240648101163
0.5119724188277854
0.4095119863516987
0.32536331510621347
0.26744498433509867
0.23223976205147884
0.2128652762030222
0.2028561195036733
0.1970265686293151
0.19141503144537256
0.18317789033939644
0.17094791086449787
0.15581256152667836
0.14154535982754887
0.13193885702561392
0.1273650927045707
0.1257065471342209
0.1251957161545704
0.1250515817750138
0.12501304922656784
0.1250031767806905
0.12500074473226205
0.12500016817278975
0.12500003659279116
0.12500000767547337
0.12500000155278587
0.12500000030316075
0.12500000005715695
0.1250000000104134
0.12500000000183462
0.12500000000031278
0.1250000000000516
0.12500000000000822
0.12500000000000128
0.12500000000000017
0.125
0.125
0.125
0.125
0.125
0.125
0.125
0.125
0.125
0.125
0.125
0.125
0.125
0.125
0.125
0.125

